大阪梅田,中津,十三,神崎川,園田,塚口,武庫之荘,西宮北口,夙川,芦屋川,岡本,御影,六甲,王子公園,春日野道,神戸三宮,稲野,新伊丹,伊丹,今津,阪神国道,門戸厄神,甲東園,仁川,小林,逆瀬川,宝塚南口,苦楽園口,甲陽園,三国,庄内,服部天神,曽根,岡町,豊中,蛍池,石橋阪大前,池田,川西能勢口,雲雀丘花屋敷,山本,中山観音,売布神社,清荒神,宝塚,桜井,牧落,箕面,南方,崇禅寺,淡路,上新庄,相川,正雀,摂津市,南茨木,茨木市,総持寺,富田,高槻市,上牧,水無瀬,大山崎,西山天王山,長岡天神,西向日,東向日,洛西口,桂,西京極,西院,大宮,烏丸,京都河原町,柴島,下新庄,吹田,豊津,関大前,千里山,南千里,山田,北千里,上桂,松尾大社,嵐山,渋谷,代官山,中目黒,祐天寺,学芸大学,都立大学,自由が丘,田園調布,多摩川,新丸子,武蔵小杉,元住吉,日吉,綱島,大倉山,菊名,妙蓮寺,白楽,東白楽,反町,横浜,目黒,不動前,武蔵小山,西小山,洗足,大岡山,奥沢,池尻大橋,三軒茶屋,駒沢大学,桜新町,用賀,二子玉川,二子新地,高津,溝の口,梶が谷,宮崎台,宮前平,鷺沼,たまプラーザ,あざみ野,江田,市が尾,藤が丘,青葉台,田奈,長津田,つくし野,すずかけ台,南町田グランベリーパーク,つきみ野,中央林間,大井町,下神明,戸越公園,中延,荏原町,旗の台,北千束,緑が丘,九品仏,尾山台,等々力,上野毛,五反田,大崎広小路,戸越銀座,荏原中延,長原,洗足池,石川台,雪が谷大塚,御嶽山,久が原,千鳥町,池上,蓮沼,沼部,鵜の木,下丸子,武蔵新田,矢口渡,蒲田,恩田,こどもの国
0.0000,0.6012,0.8357,1.1101,1.5569,1.9596,2.1820,2.4420,2.3912,2.1396,2.0477,2.0058,1.9191,1.7554,1.5528,1.3617,1.9868,1.8560,1.7831,1.7906,2.0289,2.1307,2.0026,2.0374,2.0790,2.1126,2.1476,2.0269,1.9055,0.3745,0.8463,1.2199,1.6623,1.8958,2.0193,2.1527,2.2895,2.2058,2.1342,2.1733,2.2110,2.2350,2.2369,2.2184,2.1864,2.2003,2.0650,2.0154,1.0767,1.6208,1.9717,2.0061,1.9163,1.9370,1.9631,1.9853,1.9931,1.9976,2.0163,2.0499,2.1028,2.1411,2.1564,2.1609,2.1550,2.1417,2.0759,2.0719,2.0304,1.6595,1.1738,0.7804,0.5383,0.4043,1.7888,1.9815,1.8671,1.8824,1.9290,1.9980,2.0782,2.0424,2.0127,2.0749,1.9932,1.9913,0.4498,0.4330,0.3275,0.4583,0.9634,1.7502,2.3779,2.5807,2.5092,2.4087,2.3609,2.3780,2.3379,2.2546,2.1404,2.0216,1.8580,1.6489,1.3911,1.2855,1.2203,0.7324,0.7455,0.8930,1.2511,1.8044,2.2089,2.2711,0.3855,0.3272,0.7224,1.2063,1.8364,2.2712,2.0360,1.9608,2.2576,2.0762,1.9839,1.9997,2.0190,2.0451,2.0771,2.1118,2.1454,2.1471,2.1565,2.2441,2.3282,2.2570,2.1822,2.1794,2.1013,2.0262,1.5999,1.6782,1.7675,1.8068,1.9565,2.0132,2.1804,2.3280,2.2186,2.0494,2.0270,2.1493,0.8051,0.8488,0.9750,1.5713,2.0122,1.9850,2.0366,2.0293,1.9786,1.9316,1.8881,1.8586,1.8546,2.1858,1.9764,1.9242,1.8869,1.8689,1.8598,2.1818,2.0561
0.6012,0.0000,0.2981,0.8760,1.4040,1.7852,2.0079,2.2301,2.2089,2.0177,1.9321,1.8536,1.7353,1.5440,1.4241,1.3489,1.8667,1.8505,1.8621,1.8981,1.9609,2.0522,2.0466,2.1000,2.1439,2.1672,2.1860,2.0204,2.0450,0.2517,0.8443,1.2109,1.6180,1.8463,1.9684,2.0618,2.1685,2.1034,2.0627,2.1024,2.1501,2.1925,2.2131,2.2165,2.2060,2.1687,2.1647,2.1922,0.8408,1.4052,1.7480,1.8413,1.8610,1.8845,1.9094,1.9334,1.9474,1.9653,2.0109,2.0773,2.1617,2.2229,2.2507,2.2570,2.2437,2.2144,2.1207,2.0413,1.9332,1.5455,1.0453,0.5963,0.5405,0.7007,1.7297,1.8250,1.8437,1.8946,1.9755,2.0780,2.1898,2.2096,2.2343,2.0589,2.1013,2.1756,0.9580,0.9498,0.8896,0.8654,1.1170,1.6759,2.1808,2.3453,2.2579,2.1625,2.1127,2.1275,2.1244,2.1035,2.0524,1.9944,1.8767,1.6915,1.4490,1.4298,1.4563,1.0708,0.9458,0.9467,1.2701,1.7101,2.0391,2.1226,0.9366,0.8521,0.9587,1.2627,1.7047,2.0645,1.9360,1.8966,2.0666,1.9552,1.9252,1.9522,1.9897,2.0389,2.0953,2.1532,2.2092,2.2317,2.2542,2.3198,2.3799,2.3336,2.2826,2.2707,2.2306,2.2022,1.6977,1.6949,1.7223,1.7755,1.8575,1.8563,2.0245,2.1755,2.1558,2.0845,2.0529,2.0448,1.1643,1.0804,1.0708,1.4919,1.9639,2.0542,2.1228,2.1153,2.0473,1.9761,1.9042,1.8442,1.8243,2.0185,1.8944,1.8655,1.8410,1.8292,1.8244,2.3084,2.2731
0.8357,0.2981,0.0000,0.6785,1.2022,1.5598,1.7768,1.9811,1.9702,1.8062,1.7263,1.6353,1.5082,1.3123,1.2336,1.2191,1.6617,1.6975,1.7493,1.7965,1.7738,1.8573,1.9063,1.9665,2.0098,2.0274,2.0380,1.8578,1.9518,0.4817,0.7802,1.0912,1.4547,1.6711,1.7882,1.8612,1.9530,1.8969,1.8701,1.9087,1.9592,2.0083,2.0364,2.0493,2.0489,1.9898,2.0465,2.1112,0.6473,1.1769,1.5056,1.6192,1.6842,1.7075,1.7305,1.7541,1.7702,1.7932,1.8489,1.9277,2.0239,2.0936,2.1258,2.1327,2.1166,2.0814,1.9777,1.8668,1.7330,1.3525,0.8831,0.4991,0.5883,0.8322,1.5573,1.6069,1.6824,1.7469,1.8398,1.9537,2.0765,2.1227,2.1747,1.8903,1.9896,2.0999,1.1946,1.1851,1.1118,0.9998,1.0884,1.4938,1.9371,2.0872,1.9964,1.9042,1.8549,1.8685,1.8769,1.8782,1.8533,1.8232,1.7308,1.5657,1.3462,1.3740,1.4472,1.1531,0.9744,0.8976,1.1613,1.5194,1.8082,1.8982,1.1656,1.0371,0.9959,1.1722,1.4988,1.8202,1.7366,1.7141,1.8281,1.7463,1.7433,1.7738,1.8176,1.8752,1.9407,2.0072,2.0721,2.1031,2.1309,2.1842,2.2322,2.1984,2.1601,2.1443,2.1236,2.1199,1.6024,1.5596,1.5563,1.6138,1.6614,1.6352,1.7998,1.9484,1.9646,1.9389,1.9042,1.8397,1.2472,1.1048,1.0249,1.3187,1.7852,1.9262,2.0003,1.9930,1.9195,1.8401,1.7584,1.6875,1.6616,1.7900,1.7045,1.6874,1.6701,1.6619,1.6594,2.1975,2.2094
1.1101,0.8760,0.6785,0.0000,0.5323,0.9155,1.1431,1.3850,1.3558,1.1514,1.0641,0.9834,0.8678,0.6821,0.5629,0.5844,0.9960,1.0292,1.1111,1.1705,1.1048,1.1951,1.2523,1.3184,1.3635,1.3794,1.3876,1.1936,1.3362,0.8762,0.4023,0.4839,0.7855,1.0000,1.1194,1.2026,1.3102,1.2444,1.2097,1.2513,1.3040,1.3545,1.3831,1.3965,1.3969,1.3327,1.4131,1.5130,0.0364,0.5380,0.8903,0.9693,1.0104,1.0347,1.0592,1.0843,1.1012,1.1254,1.1855,1.2721,1.3783,1.4568,1.4941,1.5018,1.4824,1.4407,1.3271,1.2038,1.0758,0.6858,0.2429,0.3663,0.6181,0.8663,0.8822,0.9520,1.0110,1.0830,1.1861,1.3122,1.4479,1.5192,1.6021,1.2290,1.3590,1.5061,1.4673,1.4500,1.3191,0.9881,0.6747,0.8344,1.3355,1.5152,1.4304,1.3275,1.2764,1.2935,1.2743,1.2408,1.1947,1.1585,1.0735,0.9232,0.7380,0.8395,0.9929,0.9582,0.7156,0.4923,0.5604,0.8510,1.1771,1.2592,1.3954,1.1365,0.7563,0.6043,0.8352,1.2110,1.0699,1.0415,1.2066,1.0866,1.0732,1.1057,1.1526,1.2147,1.2862,1.3598,1.4322,1.4707,1.5046,1.5582,1.6082,1.5760,1.5403,1.5209,1.5104,1.5263,0.9884,0.9036,0.8826,0.9416,0.9912,0.9877,1.1578,1.3152,1.3060,1.2828,1.2454,1.1808,1.0295,0.7912,0.5776,0.6461,1.1160,1.2786,1.3585,1.3511,1.2716,1.1844,1.0948,1.0175,0.9892,1.1512,1.0326,1.0132,0.9959,0.9883,0.9864,1.5878,1.6392
1.5569,1.4040,1.2022,0.5323,0.0000,0.4078,0.6380,0.9133,0.8633,0.6244,0.5345,0.4646,0.3757,0.2577,0.1262,0.3888,0.4649,0.5675,0.7413,0.8194,0.5821,0.6698,0.8001,0.8763,0.9188,0.9242,0.9192,0.7030,0.9812,1.3806,0.7283,0.4310,0.3317,0.4944,0.6044,0.6767,0.7913,0.7206,0.6878,0.7308,0.7873,0.8441,0.8798,0.9030,0.9155,0.8246,0.9975,1.1682,0.5669,0.1703,0.4416,0.4552,0.5017,0.5244,0.5457,0.5707,0.5905,0.6216,0.6968,0.8031,0.9279,1.0202,1.0656,1.0742,1.0496,0.9971,0.8685,0.6983,0.5529,0.1775,0.4022,0.8556,1.0709,1.2595,0.3918,0.4333,0.5319,0.6267,0.7479,0.8898,1.0403,1.1617,1.2964,0.7314,0.9603,1.1729,1.8758,1.8565,1.7136,1.3239,0.7970,0.3446,0.8575,1.0642,0.9936,0.8864,0.8387,0.8584,0.8021,0.7271,0.6695,0.6571,0.6254,0.5577,0.5344,0.7479,0.9717,1.1972,0.9788,0.7376,0.4726,0.3298,0.6723,0.7437,1.7921,1.5058,1.0096,0.5512,0.3046,0.7335,0.5390,0.5232,0.7144,0.5571,0.5564,0.5938,0.6499,0.7247,0.8104,0.8979,0.9845,1.0385,1.0828,1.1208,1.1591,1.1424,1.1245,1.0982,1.1204,1.1825,0.7014,0.5133,0.4060,0.4692,0.4616,0.4706,0.6423,0.8040,0.7859,0.8188,0.7770,0.6522,1.2349,0.9822,0.7272,0.1980,0.6025,0.8495,0.9353,0.9287,0.8433,0.7452,0.6421,0.5489,0.5116,0.6405,0.5070,0.5024,0.4995,0.5006,0.5041,1.1921,1.3273
1.9596,1.7852,1.5598,0.9155,0.4078,0.0000,0.2342,0.5160,0.4648,0.2820,0.2374,0.1225,0.1122,0.2807,0.4411,0.7178,0.1982,0.5586,0.8200,0.9025,0.3755,0.4002,0.7382,0.8161,0.8446,0.8282,0.7949,0.5782,1.0295,1.7792,1.1338,0.8037,0.4634,0.4031,0.4280,0.3809,0.4348,0.3968,0.4281,0.4607,0.5223,0.5987,0.6579,0.7124,0.7587,0.6013,0.9582,1.2010,0.9516,0.3888,0.1690,0.0930,0.3980,0.4044,0.4025,0.4135,0.4366,0.4815,0.5778,0.7033,0.8391,0.9395,0.9905,0.9993,0.9702,0.9086,0.7759,0.5220,0.2947,0.3338,0.8044,1.2527,1.4762,1.6638,0.4057,0.1084,0.5001,0.6077,0.7254,0.8604,1.0065,1.1795,1.3583,0.5728,0.9536,1.2192,2.2664,2.2473,2.1072,1.7171,1.1637,0.3613,0.4654,0.6746,0.6140,0.5093,0.4690,0.4889,0.4064,0.3405,0.3830,0.5103,0.6177,0.6935,0.8138,1.0432,1.2729,1.5765,1.3702,1.1352,0.8245,0.2777,0.2737,0.3571,2.1839,1.9016,1.3962,0.8980,0.1711,0.3354,0.2756,0.3701,0.3101,0.2345,0.3911,0.4328,0.5007,0.5903,0.6895,0.7885,0.8869,0.9590,1.0125,1.0100,1.0104,1.0318,1.0527,1.0189,1.0938,1.2115,0.8751,0.6380,0.4452,0.4813,0.2574,0.0927,0.2505,0.4153,0.5159,0.7289,0.6878,0.3353,1.6041,1.3580,1.1093,0.4513,0.4346,0.8188,0.8971,0.8932,0.8157,0.7225,0.6249,0.5327,0.4896,0.2403,0.3180,0.3905,0.4354,0.4589,0.4743,1.1427,1.3757
2.1820,2.0079,1.7768,1.1431,0.6380,0.2342,0.0000,0.3047,0.2376,0.1905,0.2462,0.2083,0.2986,0.4916,0.6636,0.9236,0.2814,0.6557,0.9239,0.9999,0.3926,0.3461,0.7708,0.8403,0.8570,0.8282,0.7796,0.5961,1.0982,2.0056,1.3591,1.0176,0.6344,0.4911,0.4486,0.3033,0.2601,0.2768,0.3721,0.3842,0.4361,0.5166,0.5870,0.6590,0.7250,0.5385,0.9816,1.2510,1.1793,0.6146,0.3084,0.2111,0.4835,0.4760,0.4579,0.4538,0.4708,0.5118,0.5993,0.7160,0.8425,0.9391,0.9898,0.9981,0.9684,0.9057,0.7839,0.5144,0.3004,0.5410,1.0318,1.4801,1.7036,1.8874,0.5522,0.2448,0.5971,0.6876,0.7842,0.8990,1.0298,1.2223,1.4180,0.5672,0.9967,1.2759,2.4800,2.4610,2.3220,1.9333,1.3700,0.5137,0.2585,0.4741,0.4378,0.3494,0.3298,0.3458,0.2145,0.1360,0.3163,0.5279,0.6992,0.8328,0.9989,1.2262,1.4526,1.7870,1.5876,1.3571,1.0326,0.4379,0.0589,0.1505,2.3975,2.1184,1.6103,1.1022,0.3661,0.1493,0.2953,0.4332,0.0956,0.2133,0.4339,0.4626,0.5182,0.5977,0.6894,0.7834,0.8797,0.9577,1.0135,0.9866,0.9633,1.0079,1.0513,1.0148,1.1162,1.2591,1.0181,0.7833,0.5913,0.6059,0.3444,0.1769,0.0711,0.1990,0.4294,0.7456,0.7111,0.2545,1.8097,1.5684,1.3245,0.6573,0.4607,0.8613,0.9272,0.9252,0.8607,0.7825,0.7037,0.6315,0.5965,0.0497,0.3805,0.4750,0.5339,0.5635,0.5811,1.1497,1.4279
2.4420,2.2301,1.9811,1.3850,0.9133,0.5160,0.3047,0.0000,0.1289,0.4502,0.5368,0.5059,0.5648,0.7323,0.9478,1.2216,0.5828,0.9441,1.2085,1.2795,0.6633,0.5800,1.0179,1.0774,1.0834,1.0455,0.9862,0.8450,1.3583,2.2495,1.6344,1.3082,0.9356,0.7805,0.7141,0.5297,0.3816,0.4705,0.5973,0.5875,0.6159,0.6839,0.7554,0.8379,0.9178,0.7246,1.2107,1.4931,1.4212,0.8578,0.5180,0.5031,0.7751,0.7631,0.7395,0.7284,0.7407,0.7757,0.8499,0.9510,1.0610,1.1478,1.1950,1.2023,1.1739,1.1148,1.0105,0.7524,0.5689,0.8304,1.2997,1.7299,1.9660,2.1634,0.8549,0.5400,0.8877,0.9675,1.0480,1.1438,1.2565,1.4589,1.6638,0.8004,1.2411,1.5230,2.7377,2.7195,2.5867,2.2127,1.6602,0.8018,0.1123,0.1747,0.1828,0.1792,0.2227,0.2161,0.1380,0.3003,0.5465,0.7819,0.9758,1.1279,1.3005,1.5281,1.7539,2.0811,1.8768,1.6420,1.3291,0.7370,0.2806,0.2988,2.6599,2.3926,1.8969,1.3985,0.6638,0.1839,0.5818,0.7202,0.2171,0.5011,0.7119,0.7309,0.7732,0.8376,0.9151,0.9972,1.0847,1.1628,1.2168,1.1628,1.1090,1.1801,1.2472,1.2101,1.3347,1.4967,1.3151,1.0831,0.8933,0.9039,0.6433,0.4739,0.3411,0.2623,0.6124,0.9826,0.9553,0.4959,2.1064,1.8633,1.6169,0.9541,0.7272,1.1118,1.1655,1.1651,1.1129,1.0478,0.9826,0.9214,0.8899,0.3263,0.6715,0.7666,0.8270,0.8572,0.8749,1.3499,1.6648
2.3912,2.2089,1.9702,1.3558,0.8633,0.4648,0.2376,0.1289,0.0000,0.3435,0.4422,0.4382,0.5240,0.7064,0.8913,1.1468,0.4990,0.8409,1.1002,1.1672,0.5526,0.4607,0.8967,0.9543,0.9591,0.9204,0.8605,0.7252,1.2389,2.2147,1.5788,1.2379,0.8473,0.6763,0.6004,0.4099,0.2545,0.3470,0.4756,0.4630,0.4897,0.5576,0.6293,0.7117,0.7918,0.5984,1.0864,1.3701,1.3919,0.8309,0.5083,0.4473,0.6752,0.6594,0.6323,0.6178,0.6280,0.6603,0.7302,0.8278,0.9359,1.0223,1.0699,1.0772,1.0486,0.9892,0.8863,0.6315,0.4610,0.7612,1.2523,1.6941,1.9208,2.1062,0.7668,0.4804,0.7859,0.8579,0.9314,1.0220,1.1321,1.3354,1.5414,0.6785,1.1187,1.4005,2.6796,2.6609,2.5255,2.1457,1.5829,0.7121,0.0951,0.2875,0.3103,0.2851,0.3110,0.3120,0.1749,0.1932,0.4284,0.6646,0.8636,1.0260,1.2127,1.4379,1.6608,2.0057,1.8088,1.5797,1.2540,0.6513,0.1996,0.1858,2.5990,2.3282,1.8260,1.3200,0.5925,0.1810,0.4819,0.6172,0.1768,0.4046,0.6033,0.6178,0.6552,0.7158,0.7910,0.8720,0.9593,1.0382,1.0932,1.0421,0.9933,1.0612,1.1260,1.0885,1.2121,1.3743,1.2139,0.9868,0.8024,0.8082,0.5522,0.4040,0.2532,0.1431,0.4877,0.8603,0.8343,0.3823,2.0268,1.7880,1.5466,0.8806,0.6147,0.9917,1.0428,1.0428,0.9934,0.9325,0.8734,0.8197,0.7925,0.2556,0.5733,0.6678,0.7295,0.7605,0.7783,1.2293,1.5435
2.1396,2.0177,1.8062,1.1514,0.6244,0.2820,0.1905,0.4502,0.3435,0.0000,0.1153,0.2036,0.3484,0.5421,0.6310,0.8405,0.1925,0.4992,0.7601,0.8300,0.2145,0.1591,0.5849,0.6532,0.6695,0.6411,0.5939,0.4095,0.9170,1.9918,1.3131,0.9460,0.5245,0.3357,0.2668,0.1196,0.1864,0.1240,0.1853,0.2064,0.2671,0.3491,0.4157,0.4816,0.5424,0.3609,0.7946,1.0660,1.1865,0.6519,0.4247,0.2425,0.3329,0.3160,0.2899,0.2788,0.2923,0.3297,0.4130,0.5284,0.6556,0.7539,0.8060,0.8146,0.7841,0.7199,0.5966,0.3274,0.1457,0.4889,1.0073,1.4691,1.6728,1.8329,0.4354,0.2505,0.4434,0.5187,0.6045,0.7137,0.8432,1.0371,1.2346,0.3805,0.8111,1.0915,2.4247,2.4049,2.2614,1.8623,1.2815,0.4120,0.3888,0.6202,0.6068,0.5287,0.5133,0.5288,0.3855,0.1641,0.1354,0.3436,0.5287,0.6877,0.8861,1.1067,1.3270,1.6976,1.5138,1.2965,0.9487,0.3435,0.1909,0.1680,2.3374,2.0517,1.5325,1.0112,0.3216,0.3322,0.1420,0.2743,0.2708,0.0785,0.2618,0.2825,0.3326,0.4101,0.5023,0.5977,0.6955,0.7749,0.8327,0.8164,0.8077,0.8412,0.8760,0.8392,0.9350,1.0761,0.8723,0.6470,0.4683,0.4682,0.2233,0.1933,0.1291,0.2319,0.2612,0.5587,0.5250,0.0743,1.7118,1.4801,1.2478,0.5854,0.2821,0.6770,0.7406,0.7390,0.6773,0.6042,0.5353,0.4781,0.4525,0.1712,0.2335,0.3268,0.3893,0.4209,0.4386,0.9743,1.2469
2.0477,1.9321,1.7263,1.0641,0.5345,0.2374,0.2462,0.5368,0.4422,0.1153,0.0000,0.1414,0.2860,0.4704,0.5316,0.7368,0.0960,0.4165,0.6832,0.7593,0.1702,0.1907,0.5492,0.6241,0.6483,0.6278,0.5905,0.3793,0.8640,1.9011,1.2166,0.8482,0.4274,0.2571,0.2253,0.1787,0.2977,0.2181,0.2157,0.2543,0.3193,0.3949,0.4520,0.5047,0.5515,0.3924,0.7675,1.0254,1.0987,0.5756,0.3927,0.1881,0.2422,0.2344,0.2194,0.2217,0.2423,0.2860,0.3805,0.5055,0.6408,0.7426,0.7955,0.8045,0.7741,0.7096,0.5776,0.3144,0.1321,0.3969,0.9120,1.3761,1.5764,1.7343,0.3306,0.1800,0.3565,0.4477,0.5510,0.6762,0.8172,1.0009,1.1900,0.3672,0.7720,1.0472,2.3375,2.3177,2.1728,1.7681,1.1867,0.3355,0.4804,0.7071,0.6781,0.5873,0.5609,0.5791,0.4507,0.2613,0.1773,0.3084,0.4630,0.6006,0.7874,1.0092,1.2317,1.5977,1.4133,1.1961,0.8477,0.2520,0.2667,0.2731,2.2498,1.9594,1.4364,0.9131,0.2354,0.3943,0.0655,0.1934,0.3351,0.0437,0.1976,0.2333,0.2987,0.3877,0.4876,0.5878,0.6878,0.7640,0.8206,0.8195,0.8256,0.8446,0.8654,0.8302,0.9099,1.0370,0.7834,0.5524,0.3680,0.3719,0.1206,0.1682,0.2002,0.3389,0.3147,0.5332,0.4941,0.1433,1.6126,1.3799,1.1469,0.4862,0.2381,0.6351,0.7083,0.7052,0.6339,0.5489,0.4649,0.3924,0.3599,0.2227,0.1426,0.2363,0.2967,0.3273,0.3450,0.9588,1.2061
2.0058,1.8536,1.6353,0.9834,0.4646,0.1225,0.2083,0.5059,0.4382,0.2036,0.1414,0.0000,0.1503,0.3485,0.4719,0.7262,0.1361,0.5052,0.7714,0.8523,0.3013,0.3243,0.6727,0.7500,0.7769,0.7588,0.7235,0.5081,0.9726,1.8380,1.1761,0.8293,0.4522,0.3492,0.3543,0.3027,0.3712,0.3217,0.3477,0.3814,0.4449,0.5226,0.5825,0.6378,0.6855,0.5257,0.8921,1.1411,1.0189,0.4706,0.2598,0.0753,0.3333,0.3370,0.3325,0.3421,0.3652,0.4106,0.5076,0.6340,0.7702,0.8716,0.9237,0.9326,0.9029,0.8398,0.7065,0.4470,0.2312,0.3563,0.8510,1.3074,1.5228,1.6994,0.3712,0.0857,0.4432,0.5488,0.6638,0.7968,0.9416,1.1189,1.3017,0.4989,0.8906,1.1606,2.3073,2.2883,2.1471,1.7494,1.1835,0.3592,0.4591,0.6718,0.6208,0.5184,0.4816,0.5011,0.3977,0.2856,0.3019,0.4350,0.5618,0.6618,0.8088,1.0366,1.2646,1.5929,1.3947,1.1659,0.8392,0.2652,0.2485,0.3071,2.2239,1.9377,1.4233,0.9128,0.1908,0.3369,0.1955,0.3010,0.2913,0.1482,0.3170,0.3577,0.4260,0.5164,0.6168,0.7170,0.8164,0.8903,0.9451,0.9422,0.9435,0.9648,0.9863,0.9518,1.0291,1.1507,0.8453,0.6080,0.4147,0.4372,0.1942,0.0952,0.2026,0.3707,0.4438,0.6619,0.6211,0.2602,1.6161,1.3746,1.1313,0.4678,0.3652,0.7552,0.8327,0.8290,0.7530,0.6615,0.5667,0.4785,0.4369,0.1974,0.2463,0.3273,0.3783,0.4045,0.4210,1.0781,1.3174
1.9191,1.7353,1.5082,0.8678,0.3757,0.1122,0.2986,0.5648,0.5240,0.3484,0.2860,0.1503,0.0000,0.2051,0.3933,0.6871,0.2517,0.5836,0.8380,0.9215,0.4291,0.4661,0.7809,0.8602,0.8913,0.8778,0.8476,0.6263,1.0577,1.7325,1.0959,0.7778,0.4684,0.4396,0.4776,0.4464,0.5037,0.4635,0.4881,0.5226,0.5852,0.6613,0.7194,0.7716,0.8149,0.6635,0.9999,1.2339,0.9036,0.3431,0.1596,0.1395,0.4271,0.4388,0.4426,0.4578,0.4818,0.5268,0.6238,0.7502,0.8871,0.9880,1.0391,1.0481,1.0193,0.9580,0.8231,0.5746,0.3557,0.3146,0.7554,1.1991,1.4270,1.6201,0.4159,0.1489,0.5237,0.6362,0.7598,0.8997,1.0488,1.2155,1.3882,0.6244,0.9897,1.2501,2.2317,2.2135,2.0759,1.6862,1.1413,0.3902,0.5263,0.7181,0.6467,0.5370,0.4901,0.5097,0.4453,0.4040,0.4446,0.5547,0.6457,0.7017,0.8008,1.0293,1.2595,1.5443,1.3338,1.0959,0.7982,0.3021,0.3432,0.4280,2.1523,1.8706,1.3680,0.8786,0.1978,0.3844,0.3315,0.4103,0.3616,0.2951,0.4334,0.4765,0.5457,0.6364,0.7367,0.8363,0.9348,1.0052,1.0579,1.0599,1.0638,1.0810,1.0972,1.0640,1.1324,1.2430,0.8806,0.6460,0.4591,0.4980,0.3008,0.1809,0.3206,0.4854,0.5865,0.7772,0.7348,0.4058,1.5759,1.3275,1.0767,0.4364,0.4866,0.8579,0.9398,0.9353,0.8547,0.7576,0.6547,0.5565,0.5103,0.3022,0.3605,0.4224,0.4608,0.4811,0.4950,1.1852,1.4057
1.7554,1.5440,1.3123,0.6821,0.2577,0.2807,0.4916,0.7323,0.7064,0.5421,0.4704,0.3485,0.2051,0.0000,0.2881,0.6071,0.4192,0.6710,0.8944,0.9768,0.5846,0.6417,0.8937,0.9737,1.0104,1.0046,0.9838,0.7590,1.1300,1.5511,0.9457,0.6740,0.4872,0.5515,0.6245,0.6290,0.6972,0.6524,0.6617,0.6993,0.7610,0.8323,0.8843,0.9280,0.9613,0.8287,1.1070,1.3142,0.7179,0.1676,0.2412,0.3325,0.5468,0.5650,0.5769,0.5969,0.6204,0.6620,0.7542,0.8762,1.0109,1.1097,1.1588,1.1678,1.1407,1.0825,0.9477,0.7241,0.5198,0.2909,0.5933,1.0166,1.2555,1.4653,0.4835,0.3304,0.6187,0.7299,0.8575,1.0020,1.1542,1.3017,1.4569,0.7690,1.0841,1.3249,2.0805,2.0631,1.9290,1.5500,1.0382,0.4456,0.6959,0.8718,0.7880,0.6790,0.6275,0.6457,0.6141,0.6016,0.6257,0.6942,0.7335,0.7280,0.7562,0.9761,1.2031,1.4266,1.2034,0.9581,0.7081,0.3822,0.5333,0.6248,2.0052,1.7287,1.2442,0.7941,0.2927,0.5542,0.5038,0.5474,0.5463,0.4843,0.5755,0.6183,0.6850,0.7724,0.8695,0.9663,1.0615,1.1259,1.1753,1.1899,1.2043,1.2102,1.2142,1.1835,1.2340,1.3239,0.8920,0.6761,0.5183,0.5724,0.4503,0.3638,0.5189,0.6797,0.7640,0.9005,0.8572,0.5938,1.4684,1.2146,0.9590,0.3957,0.6313,0.9608,1.0465,1.0410,0.9565,0.8559,0.7485,0.6462,0.6002,0.5012,0.5090,0.5449,0.5659,0.5779,0.5876,1.2946,1.4793
1.5528,1.4241,1.2336,0.5629,0.1262,0.4411,0.6636,0.9478,0.8913,0.6310,0.5316,0.4719,0.3933,0.2881,0.0000,0.3193,0.4693,0.5278,0.6882,0.7637,0.5688,0.6663,0.7648,0.8411,0.8858,0.8945,0.8934,0.6765,0.9305,1.3887,0.7192,0.4033,0.2946,0.4692,0.5851,0.6756,0.8028,0.7240,0.6798,0.7247,0.7814,0.8359,0.8684,0.8870,0.8944,0.8135,0.9589,1.1208,0.5951,0.2536,0.4898,0.4753,0.4734,0.4975,0.5215,0.5480,0.5671,0.5959,0.6683,0.7725,0.8966,0.9888,1.0344,1.0433,1.0189,0.9666,0.8373,0.6795,0.5542,0.1690,0.3911,0.8542,1.0594,1.2368,0.3567,0.4505,0.4935,0.5854,0.7071,0.8503,1.0020,1.1173,1.2470,0.7103,0.9167,1.1236,1.8708,1.8521,1.7089,1.3076,0.7691,0.3524,0.8954,1.1040,1.0350,0.9263,0.8782,0.8977,0.8349,0.7451,0.6667,0.6318,0.5835,0.5025,0.4763,0.6910,0.9169,1.1573,0.9445,0.7075,0.4249,0.3262,0.7000,0.7641,1.7877,1.4951,0.9871,0.5146,0.3221,0.7685,0.5350,0.5027,0.7424,0.5601,0.5343,0.5701,0.6240,0.6968,0.7813,0.8679,0.9537,1.0065,1.0506,1.0968,1.1428,1.1191,1.0940,1.0682,1.0817,1.1355,0.6430,0.4612,0.3700,0.4298,0.4556,0.4962,0.6635,0.8269,0.7852,0.7891,0.7469,0.6572,1.1930,0.9421,0.6897,0.1644,0.5871,0.8108,0.8981,0.8913,0.8050,0.7061,0.6026,0.5103,0.4750,0.6625,0.4933,0.4777,0.4687,0.4669,0.4688,1.1596,1.2804
1.3617,1.3489,1.2191,0.5844,0.3888,0.7178,0.9236,1.2216,1.1468,0.8405,0.7368,0.7262,0.6871,0.6071,0.3193,0.0000,0.6790,0.5283,0.5505,0.6038,0.7043,0.8201,0.7353,0.7957,0.8456,0.8722,0.8959,0.7205,0.7763,1.2593,0.5372,0.1737,0.3348,0.5659,0.6947,0.8468,1.0066,0.9093,0.8261,0.8710,0.9156,0.9477,0.9569,0.9470,0.9245,0.9093,0.8789,0.9624,0.6040,0.5438,0.7957,0.7383,0.5768,0.6001,0.6303,0.6569,0.6670,0.6756,0.7103,0.7749,0.8687,0.9428,0.9795,0.9875,0.9688,0.9291,0.8217,0.7648,0.7357,0.3992,0.3530,0.7643,0.8999,1.0177,0.4475,0.7055,0.5295,0.5689,0.6565,0.7770,0.9124,0.9725,1.0572,0.7750,0.8134,0.9531,1.6632,1.6428,1.4889,1.0625,0.4919,0.4824,1.1601,1.3853,1.3273,1.2202,1.1748,1.1950,1.1150,0.9805,0.8342,0.7071,0.5607,0.3711,0.1916,0.3777,0.5994,0.8710,0.6832,0.4788,0.1294,0.5048,0.9541,0.9952,1.5701,1.2592,0.7258,0.2231,0.5622,1.0474,0.7173,0.6267,1.0117,0.7707,0.6541,0.6743,0.7030,0.7456,0.8014,0.8639,0.9281,0.9605,0.9937,1.0757,1.1556,1.0987,1.0391,1.0218,0.9851,0.9835,0.4264,0.3652,0.4269,0.4663,0.6359,0.7516,0.9065,1.0591,0.9192,0.7786,0.7445,0.8438,0.8951,0.6534,0.4181,0.2748,0.6905,0.7446,0.8237,0.8157,0.7374,0.6559,0.5794,0.5262,0.5164,0.9158,0.6462,0.5859,0.5467,0.5291,0.5206,1.0802,1.1050
1.9868,1.8667,1.6617,0.9960,0.4649,0.1982,0.2814,0.5828,0.4990,0.1925,0.0960,0.1361,0.2517,0.4192,0.4693,0.6790,0.0000,0.3876,0.6576,0.7406,0.1996,0.2533,0.5603,0.6380,0.6667,0.6514,0.6208,0.4006,0.8588,1.8357,1.1517,0.7866,0.3751,0.2415,0.2519,0.2535,0.3738,0.2981,0.2833,0.3239,0.3858,0.4555,0.5064,0.5514,0.5898,0.4462,0.7812,1.0272,1.0307,0.5089,0.3544,0.1521,0.2190,0.2238,0.2233,0.2382,0.2625,0.3063,0.4017,0.5271,0.6636,0.7651,0.8169,0.8258,0.7961,0.7335,0.5994,0.3503,0.1776,0.3418,0.8488,1.3126,1.5132,1.6734,0.2734,0.1265,0.3285,0.4328,0.5483,0.6831,0.8297,1.0048,1.1870,0.3994,0.7777,1.0464,2.2809,2.2609,2.1146,1.7080,1.1292,0.2916,0.5252,0.7504,0.7110,0.6131,0.5803,0.6006,0.4856,0.3235,0.2472,0.3333,0.4536,0.5652,0.7346,0.9582,1.1831,1.5408,1.3533,1.1337,0.7883,0.2014,0.3088,0.3342,2.1926,1.8993,1.3759,0.8537,0.1715,0.4247,0.1005,0.1854,0.3725,0.1175,0.2136,0.2577,0.3274,0.4174,0.5169,0.6165,0.7149,0.7867,0.8408,0.8461,0.8580,0.8701,0.8843,0.8508,0.9214,1.0393,0.7429,0.5060,0.3130,0.3280,0.0726,0.1572,0.2467,0.4001,0.3732,0.5494,0.5079,0.2121,1.5570,1.3218,1.0861,0.4234,0.2529,0.6391,0.7176,0.7135,0.6358,0.5430,0.4479,0.3615,0.3213,0.2587,0.1270,0.2084,0.2611,0.2885,0.3056,0.9731,1.2045
1.8560,1.8505,1.6975,1.0292,0.5675,0.5586,0.6557,0.9441,0.8409,0.4992,0.4165,0.5052,0.5836,0.6710,0.5278,0.5283,0.3876,0.0000,0.2712,0.3582,0.2971,0.4107,0.2825,0.3575,0.4049,0.4205,0.4340,0.2460,0.4916,1.7680,1.0426,0.6534,0.2595,0.1907,0.2650,0.4564,0.6365,0.5291,0.4159,0.4556,0.4863,0.5021,0.5001,0.4823,0.4578,0.4519,0.4829,0.6764,1.0574,0.7002,0.7082,0.5291,0.1755,0.1866,0.2171,0.2411,0.2413,0.2297,0.2422,0.3122,0.4267,0.5193,0.5667,0.5758,0.5494,0.4949,0.3681,0.3093,0.4075,0.4373,0.8291,1.2767,1.4193,1.5187,0.1907,0.4938,0.0632,0.0813,0.2155,0.3689,0.5274,0.6643,0.8248,0.3098,0.4467,0.6871,2.1240,2.1023,1.9460,1.5183,0.9214,0.3297,0.8788,1.1120,1.0871,0.9944,0.9639,0.9842,0.8608,0.6546,0.4402,0.2517,0.1479,0.2459,0.4833,0.6688,0.8722,1.3078,1.1633,0.9887,0.6167,0.3255,0.6717,0.6580,2.0254,1.7166,1.1789,0.6546,0.4206,0.8038,0.3640,0.2267,0.7463,0.4474,0.2487,0.2502,0.2577,0.2872,0.3445,0.4181,0.4968,0.5476,0.5942,0.6613,0.7354,0.6907,0.6502,0.6251,0.6314,0.7000,0.3882,0.1913,0.1642,0.1025,0.3180,0.5309,0.6056,0.7162,0.4748,0.3083,0.2677,0.4643,1.3033,1.0974,0.9025,0.3975,0.2457,0.3171,0.4080,0.4009,0.3093,0.2016,0.0859,0.0299,0.0828,0.6298,0.2758,0.1822,0.1297,0.1095,0.0976,0.7150,0.8590
1.7831,1.8621,1.7493,1.1111,0.7413,0.8200,0.9239,1.2085,1.1002,0.7601,0.6832,0.7714,0.8380,0.8944,0.6882,0.5505,0.6576,0.2712,0.0000,0.1025,0.5488,0.6507,0.3129,0.3409,0.3914,0.4359,0.4875,0.4143,0.2737,1.7451,1.0224,0.6609,0.4241,0.4415,0.5041,0.7003,0.8802,0.7719,0.6475,0.6798,0.6947,0.6856,0.6584,0.6090,0.5485,0.6276,0.3938,0.4734,1.1331,0.8969,0.9654,0.7967,0.4436,0.4494,0.4721,0.4865,0.4782,0.4501,0.4089,0.3925,0.4328,0.4865,0.5177,0.5250,0.5084,0.4772,0.4046,0.5089,0.6599,0.6338,0.8944,1.2955,1.3888,1.4375,0.4271,0.7606,0.3305,0.2431,0.2223,0.2970,0.4214,0.4791,0.5962,0.4842,0.3152,0.4689,2.0260,2.0033,1.8423,1.4092,0.8282,0.5384,1.1404,1.3762,1.3561,1.2649,1.2349,1.2550,1.1299,0.9155,0.6847,0.4593,0.2624,0.2151,0.4186,0.5199,0.6804,1.1698,1.0691,0.9442,0.5988,0.5644,0.9375,0.9171,1.9211,1.6073,1.0778,0.6039,0.6684,1.0725,0.6301,0.4915,1.0148,0.7136,0.5010,0.4882,0.4662,0.4466,0.4451,0.4654,0.4995,0.5152,0.5438,0.6607,0.7754,0.6902,0.6032,0.5911,0.5223,0.5131,0.1956,0.2314,0.3864,0.3432,0.5873,0.7962,0.8723,0.9720,0.6871,0.3664,0.3526,0.7190,1.1475,0.9771,0.8334,0.5487,0.4881,0.2621,0.3284,0.3193,0.2516,0.2115,0.2289,0.2981,0.3436,0.8990,0.5448,0.4525,0.3994,0.3753,0.3600,0.6324,0.6539
1.7906,1.8981,1.7965,1.1705,0.8194,0.9025,0.9999,1.2795,1.1672,0.8300,0.7593,0.8523,0.9215,0.9768,0.7637,0.6038,0.7406,0.3582,0.1025,0.0000,0.6164,0.7111,0.3298,0.3377,0.3840,0.4348,0.4953,0.4602,0.1887,1.7714,1.0553,0.7061,0.5000,0.5140,0.5672,0.7614,0.9395,0.8314,0.7040,0.7332,0.7425,0.7258,0.6914,0.6338,0.5647,0.6667,0.3588,0.3940,1.1910,0.9786,1.0516,0.8821,0.5248,0.5257,0.5432,0.5526,0.5409,0.5084,0.4542,0.4148,0.4285,0.4666,0.4919,0.4986,0.4855,0.4625,0.4131,0.5599,0.7271,0.7088,0.9495,1.3358,1.4145,1.4465,0.5167,0.8471,0.4153,0.3156,0.2569,0.2813,0.3789,0.4068,0.5116,0.5293,0.2697,0.3840,2.0214,1.9985,1.8374,1.4081,0.8384,0.6104,1.2099,1.4473,1.4324,1.3442,1.3164,1.3358,1.2067,0.9853,0.7475,0.5155,0.3191,0.2733,0.4563,0.5233,0.6587,1.1619,1.0783,0.9713,0.6406,0.6420,1.0111,0.9858,1.9150,1.6040,1.0835,0.6365,0.7497,1.1489,0.7057,0.5680,1.0906,0.7883,0.5699,0.5513,0.5202,0.4874,0.4692,0.4722,0.4908,0.4965,0.5204,0.6529,0.7793,0.6838,0.5839,0.5753,0.4827,0.4449,0.2177,0.3173,0.4754,0.4331,0.6693,0.8750,0.9470,1.0386,0.7383,0.3867,0.3828,0.7865,1.1333,0.9787,0.8551,0.6235,0.5548,0.2618,0.3047,0.2966,0.2542,0.2544,0.3044,0.3863,0.4347,0.9765,0.6244,0.5353,0.4865,0.4650,0.4508,0.6025,0.5836
2.0289,1.9609,1.7738,1.1048,0.5821,0.3755,0.3926,0.6633,0.5526,0.2145,0.1702,0.3013,0.4291,0.5846,0.5688,0.7043,0.1996,0.2971,0.5488,0.6164,0.0000,0.1251,0.3841,0.4592,0.4848,0.4669,0.4350,0.2130,0.7066,1.9097,1.2042,0.8190,0.3755,0.1448,0.0582,0.1640,0.3456,0.2372,0.1420,0.1919,0.2472,0.3026,0.3411,0.3745,0.4061,0.2761,0.6054,0.8651,1.1378,0.6633,0.5415,0.3420,0.1548,0.1234,0.0866,0.0684,0.0816,0.1216,0.2155,0.3424,0.4806,0.5848,0.6391,0.6484,0.6172,0.5511,0.4165,0.1660,0.1456,0.4261,0.9314,1.3965,1.5755,1.7095,0.2868,0.3232,0.2472,0.3077,0.3947,0.5141,0.6550,0.8399,1.0313,0.2157,0.6105,0.8873,2.3048,2.2841,2.1348,1.7241,1.1315,0.3061,0.5973,0.8324,0.8197,0.7378,0.7173,0.7346,0.5968,0.3727,0.1604,0.1568,0.3215,0.4923,0.7156,0.9251,1.1382,1.5399,1.3729,1.1721,0.8073,0.2558,0.3992,0.3725,2.2120,1.9175,1.3890,0.8607,0.3063,0.5401,0.1127,0.0928,0.4802,0.1852,0.0594,0.0777,0.1401,0.2305,0.3321,0.4338,0.5350,0.6120,0.6709,0.6861,0.7122,0.7159,0.7242,0.6892,0.7588,0.8818,0.6699,0.4569,0.3051,0.2877,0.1525,0.3094,0.3356,0.4297,0.2368,0.3677,0.3285,0.1760,1.5456,1.3248,1.1069,0.4788,0.0798,0.4730,0.5434,0.5408,0.4722,0.3939,0.3251,0.2807,0.2686,0.3709,0.1055,0.1541,0.2112,0.2423,0.2584,0.8155,1.0532
2.1307,2.0522,1.8573,1.1951,0.6698,0.4002,0.3461,0.5800,0.4607,0.1591,0.1907,0.3243,0.4661,0.6417,0.6663,0.8201,0.2533,0.4107,0.6507,0.7111,0.1251,0.0000,0.4387,0.5024,0.5155,0.4855,0.4379,0.2651,0.7787,2.0080,1.3103,0.9286,0.4905,0.2647,0.1525,0.0543,0.2315,0.1239,0.0461,0.0846,0.1470,0.2195,0.2763,0.3330,0.3883,0.2142,0.6425,0.9187,1.2287,0.7322,0.5594,0.3657,0.2762,0.2460,0.2088,0.1828,0.1840,0.2059,0.2705,0.3769,0.5010,0.5992,0.6522,0.6609,0.6298,0.5645,0.4434,0.1801,0.1399,0.5155,1.0313,1.4953,1.6803,1.8189,0.4067,0.3592,0.3654,0.4097,0.4719,0.5671,0.6907,0.8880,1.0891,0.2309,0.6645,0.9459,2.4010,2.3805,2.2338,1.8298,1.2397,0.3903,0.5103,0.7442,0.7469,0.6775,0.6665,0.6813,0.5329,0.2902,0.0671,0.2116,0.4148,0.6034,0.8324,1.0412,1.2520,1.6541,1.4862,1.2835,0.9218,0.3484,0.3369,0.2838,2.3097,2.0211,1.4977,0.9735,0.3766,0.4828,0.1576,0.2144,0.4228,0.1811,0.1792,0.1738,0.1992,0.2634,0.3507,0.4446,0.5425,0.6236,0.6833,0.6753,0.6800,0.7039,0.7322,0.6950,0.7880,0.9306,0.7823,0.5761,0.4264,0.4095,0.2374,0.3157,0.2814,0.3312,0.1351,0.4075,0.3773,0.0962,1.6599,1.4395,1.2209,0.5856,0.1678,0.5336,0.5907,0.5897,0.5350,0.4740,0.4253,0.3964,0.3872,0.3262,0.2082,0.2736,0.3307,0.3614,0.3773,0.8305,1.1029
2.0026,2.0466,1.9063,1.2523,0.8001,0.7382,0.7708,1.0179,0.8967,0.5849,0.5492,0.6727,0.7809,0.8937,0.7648,0.7353,0.5603,0.2825,0.3129,0.3298,0.3841,0.4387,0.0000,0.0833,0.1302,0.1516,0.1873,0.1757,0.3448,1.9501,1.2278,0.8439,0.4812,0.3484,0.3277,0.4898,0.6520,0.5517,0.4241,0.4406,0.4351,0.4061,0.3665,0.3082,0.2443,0.3457,0.2303,0.4843,1.2793,0.9329,0.9033,0.7105,0.3707,0.3501,0.3445,0.3347,0.3136,0.2674,0.1737,0.0893,0.1582,0.2544,0.3084,0.3185,0.2884,0.2267,0.1082,0.2707,0.4918,0.6485,1.0459,1.4804,1.6033,1.6755,0.4499,0.6839,0.3112,0.2045,0.0992,0.1342,0.2800,0.4591,0.6542,0.2275,0.2293,0.5083,2.2358,2.2136,2.0592,1.6433,1.0546,0.4944,0.9442,1.1788,1.1837,1.1103,1.0939,1.1106,0.9665,0.7248,0.4770,0.2524,0.1903,0.3791,0.6474,0.7902,0.9575,1.4315,1.3162,1.1685,0.8047,0.5177,0.7683,0.7204,2.1349,1.8370,1.3147,0.8216,0.6189,0.9147,0.4921,0.3801,0.8547,0.5677,0.3576,0.3188,0.2589,0.1907,0.1512,0.1749,0.2404,0.2973,0.3542,0.4424,0.5410,0.4817,0.4307,0.4029,0.4129,0.5103,0.4859,0.4034,0.4252,0.3722,0.4941,0.6821,0.7086,0.7630,0.4315,0.0607,0.0660,0.5270,1.4139,1.2346,1.0702,0.6258,0.3157,0.1009,0.1624,0.1596,0.1061,0.1174,0.2039,0.3029,0.3511,0.7475,0.4374,0.3797,0.3647,0.3637,0.3605,0.5019,0.6855
2.0374,2.1000,1.9665,1.3184,0.8763,0.8161,0.8403,1.0774,0.9543,0.6532,0.6241,0.7500,0.8602,0.9737,0.8411,0.7957,0.6380,0.3575,0.3409,0.3377,0.4592,0.5024,0.0833,0.0000,0.0562,0.1000,0.1617,0.2473,0.3065,1.9971,1.2777,0.8995,0.5563,0.4302,0.4032,0.5525,0.7053,0.6100,0.4850,0.4950,0.4797,0.4382,0.3872,0.3160,0.2370,0.3798,0.1506,0.4185,1.3446,1.0109,0.9813,0.7877,0.4516,0.4312,0.4246,0.4133,0.3916,0.3446,0.2463,0.1295,0.1012,0.1806,0.2335,0.2437,0.2140,0.1560,0.0887,0.3315,0.5619,0.7257,1.1108,1.5377,1.6515,1.7128,0.5291,0.7617,0.3903,0.2794,0.1532,0.0792,0.2002,0.3891,0.5914,0.2825,0.1678,0.4470,2.2585,2.2362,2.0821,1.6693,1.0876,0.5673,1.0021,1.2346,1.2453,1.1758,1.1616,1.1779,1.0313,0.7863,0.5388,0.3218,0.2609,0.4312,0.6941,0.8197,0.9724,1.4566,1.3526,1.2157,0.8580,0.5971,0.8345,0.7808,2.1569,1.8613,1.3456,0.8674,0.6987,0.9818,0.5675,0.4600,0.9220,0.6411,0.4361,0.3952,0.3309,0.2513,0.1798,0.1518,0.1830,0.2291,0.2847,0.3884,0.5004,0.4293,0.3671,0.3416,0.3415,0.4431,0.5156,0.4652,0.5031,0.4498,0.5731,0.7576,0.7763,0.8193,0.4772,0.0967,0.1320,0.5922,1.4342,1.2654,1.1132,0.6999,0.3902,0.0839,0.0935,0.0936,0.0955,0.1705,0.2751,0.3791,0.4280,0.8166,0.5160,0.4599,0.4442,0.4420,0.4380,0.4339,0.6193
2.0790,2.1439,2.0098,1.3635,0.9188,0.8446,0.8570,1.0834,0.9591,0.6695,0.6483,0.7769,0.8913,1.0104,0.8858,0.8456,0.6667,0.4049,0.3914,0.3840,0.4848,0.5155,0.1302,0.0562,0.0000,0.0552,0.1264,0.2733,0.3311,2.0412,1.3241,0.9471,0.6029,0.4681,0.4298,0.5642,0.7074,0.6172,0.4958,0.4999,0.4771,0.4271,0.3695,0.2922,0.2073,0.3716,0.1299,0.4149,1.3899,1.0503,1.0099,0.8151,0.4891,0.4671,0.4578,0.4440,0.4216,0.3743,0.2732,0.1450,0.0536,0.1290,0.1861,0.1968,0.1645,0.1010,0.0778,0.3448,0.5811,0.7661,1.1577,1.5841,1.6978,1.7578,0.5729,0.7905,0.4348,0.3279,0.2049,0.1076,0.1770,0.3799,0.5889,0.2929,0.1783,0.4485,2.2937,2.2715,2.1187,1.7090,1.1303,0.6019,1.0069,1.2370,1.2529,1.1873,1.1756,1.1913,1.0425,0.7950,0.5496,0.3438,0.3063,0.4812,0.7437,0.8667,1.0152,1.5003,1.3987,1.2633,0.9072,0.6339,0.8477,0.7888,2.1927,1.8999,1.3880,0.9146,0.7332,0.9955,0.5926,0.4930,0.9360,0.6631,0.4663,0.4230,0.3550,0.2680,0.1803,0.1220,0.1324,0.1812,0.2407,0.3412,0.4545,0.3835,0.3251,0.2980,0.3120,0.4324,0.5651,0.5171,0.5488,0.4958,0.6042,0.7822,0.7914,0.8234,0.4759,0.1204,0.1632,0.6058,1.4768,1.3108,1.1609,0.7456,0.4162,0.1324,0.1070,0.1109,0.1436,0.2219,0.3238,0.4250,0.4722,0.8330,0.5469,0.4967,0.4849,0.4844,0.4813,0.3967,0.6078
2.1126,2.1672,2.0274,1.3794,0.9242,0.8282,0.8282,1.0455,0.9204,0.6411,0.6278,0.7588,0.8778,1.0046,0.8945,0.8722,0.6514,0.4205,0.4359,0.4348,0.4669,0.4855,0.1516,0.1000,0.0552,0.0000,0.0722,0.2603,0.3857,2.0693,1.3531,0.9737,0.6161,0.4652,0.4137,0.5325,0.6676,0.5815,0.4639,0.4633,0.4353,0.3803,0.3197,0.2401,0.1538,0.3271,0.1706,0.4593,1.4065,1.0499,0.9935,0.7975,0.4863,0.4619,0.4488,0.4320,0.4093,0.3625,0.2613,0.1317,0.0270,0.1252,0.1862,0.1969,0.1619,0.0882,0.0588,0.3176,0.5565,0.7681,1.1768,1.6081,1.7281,1.7941,0.5798,0.7749,0.4438,0.3458,0.2356,0.1597,0.2134,0.4212,0.6328,0.2646,0.2303,0.4956,2.3275,2.3055,2.1541,1.7463,1.1662,0.5993,0.9683,1.1963,1.2160,1.1536,1.1441,1.1591,1.0087,0.7598,0.5173,0.3255,0.3224,0.5127,0.7785,0.9100,1.0631,1.5433,1.4369,1.2959,0.9374,0.6298,0.8160,0.7531,2.2277,1.9370,1.4252,0.9474,0.7251,0.9637,0.5735,0.4838,0.9046,0.6402,0.4538,0.4084,0.3378,0.2466,0.1502,0.0785,0.1030,0.1727,0.2379,0.3156,0.4176,0.3586,0.3181,0.2867,0.3306,0.4699,0.6096,0.5454,0.5593,0.5073,0.5920,0.7618,0.7616,0.7847,0.4352,0.1203,0.1637,0.5756,1.5216,1.3518,1.1963,0.7574,0.4002,0.1793,0.1608,0.1650,0.1898,0.2527,0.3437,0.4377,0.4815,0.8043,0.5348,0.4931,0.4876,0.4903,0.4891,0.4005,0.6437
2.1476,2.1860,2.0380,1.3876,0.9192,0.7949,0.7796,0.9862,0.8605,0.5939,0.5905,0.7235,0.8476,0.9838,0.8934,0.8959,0.6208,0.4340,0.4875,0.4953,0.4350,0.4379,0.1873,0.1617,0.1264,0.0722,0.0000,0.2423,0.4567,2.0953,1.3805,0.9982,0.6232,0.4530,0.3853,0.4821,0.6069,0.5260,0.4140,0.4075,0.3734,0.3133,0.2498,0.1687,0.0817,0.2632,0.2385,0.5272,1.4158,1.0365,0.9594,0.7630,0.4739,0.4468,0.4290,0.4087,0.3860,0.3412,0.2447,0.1304,0.0862,0.1662,0.2230,0.2326,0.1987,0.1297,0.0849,0.2770,0.5150,0.7594,1.1898,1.6274,1.7566,1.8320,0.5790,0.7430,0.4480,0.3642,0.2746,0.2267,0.2784,0.4872,0.7000,0.2246,0.3012,0.5651,2.3651,2.3433,2.1936,1.7879,1.2052,0.5870,0.9084,1.1339,1.1574,1.0985,1.0915,1.1058,0.9537,0.7039,0.4663,0.2968,0.3400,0.5463,0.8147,0.9584,1.1192,1.5915,1.4774,1.3280,0.9666,0.6140,0.7640,0.6969,2.2670,1.9784,1.4659,0.9810,0.7032,0.9113,0.5386,0.4631,0.8528,0.5999,0.4291,0.3821,0.3102,0.2177,0.1193,0.0553,0.1157,0.1998,0.2659,0.3075,0.3873,0.3495,0.3358,0.2999,0.3765,0.5315,0.6602,0.5737,0.5635,0.5136,0.5660,0.7238,0.7121,0.7250,0.3752,0.1393,0.1742,0.5269,1.5730,1.3969,1.2329,0.7618,0.3724,0.2389,0.2318,0.2357,0.2484,0.2911,0.3652,0.4472,0.4857,0.7560,0.5097,0.4797,0.4828,0.4898,0.4910,0.4291,0.7033
2.0269,2.0204,1.8578,1.1936,0.7030,0.5782,0.5961,0.8450,0.7252,0.4095,0.3793,0.5081,0.6263,0.7590,0.6765,0.7205,0.4006,0.2460,0.4143,0.4602,0.2130,0.2651,0.1757,0.2473,0.2733,0.2603,0.2423,0.0000,0.5138,1.9444,1.2253,0.8342,0.4163,0.2171,0.1569,0.3163,0.4854,0.3811,0.2528,0.2766,0.2860,0.2830,0.2721,0.2537,0.2416,0.2253,0.3938,0.6588,1.2236,0.8162,0.7450,0.5484,0.2425,0.2115,0.1918,0.1727,0.1497,0.1030,0.0176,0.1324,0.2736,0.3801,0.4363,0.4462,0.4142,0.3464,0.2083,0.1089,0.3223,0.5425,0.9992,1.4525,1.6022,1.7032,0.3585,0.5255,0.2376,0.1983,0.2134,0.3069,0.4438,0.6319,0.8284,0.0904,0.4035,0.6835,2.2784,2.2569,2.1050,1.6912,1.0956,0.3883,0.7730,1.0082,1.0100,0.9360,0.9200,0.9364,0.7921,0.5517,0.3052,0.0930,0.1951,0.4141,0.6769,0.8567,1.0485,1.4925,1.3523,1.1784,0.8075,0.3892,0.5939,0.5478,2.1812,1.8853,1.3579,0.8417,0.4774,0.7398,0.3231,0.2296,0.6797,0.3950,0.1960,0.1524,0.0901,0.0630,0.1411,0.2386,0.3380,0.4138,0.4750,0.5172,0.5760,0.5530,0.5393,0.5054,0.5584,0.6780,0.5686,0.4115,0.3495,0.3044,0.3395,0.5154,0.5340,0.5933,0.2814,0.1570,0.1192,0.3530,1.4857,1.2857,1.0944,0.5529,0.1499,0.2710,0.3340,0.3320,0.2729,0.2202,0.2114,0.2506,0.2793,0.5736,0.2821,0.2501,0.2618,0.2756,0.2810,0.6263,0.8523
1.9055,2.0450,1.9518,1.3362,0.9812,1.0295,1.0982,1.3583,1.2389,0.9170,0.8640,0.9726,1.0577,1.1300,0.9305,0.7763,0.8588,0.4916,0.2737,0.1887,0.7066,0.7787,0.3448,0.3065,0.3311,0.3857,0.4567,0.5138,0.0000,1.9100,1.2054,0.8669,0.6559,0.6294,0.6516,0.8299,0.9960,0.8939,0.7651,0.7838,0.7774,0.7415,0.6918,0.6192,0.5367,0.6832,0.2492,0.2124,1.3562,1.1384,1.1867,1.0065,0.6458,0.6384,0.6469,0.6474,0.6303,0.5891,0.5094,0.4237,0.3749,0.3717,0.3814,0.3860,0.3812,0.3793,0.3894,0.6112,0.8155,0.8583,1.1165,1.4932,1.5594,1.5728,0.6666,0.9743,0.5462,0.4292,0.3162,0.2362,0.2475,0.2271,0.3497,0.5685,0.1618,0.2061,2.1080,2.0850,1.9265,1.5103,0.9619,0.7344,1.2848,1.5211,1.5206,1.4415,1.4201,1.4382,1.2994,1.0632,0.8159,0.5819,0.4183,0.4341,0.6214,0.6599,0.7558,1.2691,1.2088,1.1215,0.8050,0.7745,1.1011,1.0606,2.0009,1.7000,1.2004,0.7897,0.8848,1.2453,0.8079,0.6776,1.1857,0.8886,0.6682,0.6383,0.5890,0.5289,0.4747,0.4381,0.4185,0.4002,0.4114,0.5624,0.7036,0.5940,0.4775,0.4762,0.3505,0.2820,0.3877,0.4909,0.6276,0.5798,0.7878,0.9892,1.0392,1.1057,0.7752,0.3909,0.4083,0.8639,1.2307,1.1009,1.0017,0.7859,0.6389,0.2535,0.2335,0.2291,0.2523,0.3219,0.4174,0.5202,0.5727,1.0744,0.7364,0.6560,0.6162,0.5997,0.5879,0.4781,0.4296
0.3745,0.2517,0.4817,0.8762,1.3806,1.7792,2.0056,2.2495,2.2147,1.9918,1.9011,1.8380,1.7325,1.5511,1.3887,1.2593,1.8357,1.7680,1.7451,1.7714,1.9097,2.0080,1.9501,1.9971,2.0412,2.0693,2.0953,1.9444,1.9100,0.0000,0.7291,1.1175,1.5501,1.7849,1.9101,2.0235,2.1461,2.0714,2.0163,2.0566,2.1011,2.1365,2.1495,2.1436,2.1237,2.1072,2.0486,2.0468,0.8402,1.4117,1.7641,1.8304,1.8009,1.8241,1.8506,1.8747,1.8865,1.8991,1.9345,1.9888,2.0622,2.1159,2.1399,2.1458,2.1348,2.1104,2.0259,1.9765,1.8964,1.5087,0.9995,0.5497,0.3868,0.4702,1.6680,1.8096,1.7690,1.8066,1.8757,1.9675,2.0695,2.0686,2.0735,1.9882,1.9802,2.0265,0.7756,0.7631,0.6743,0.6272,0.9574,1.6254,2.1939,2.3774,2.2956,2.1959,2.1459,2.1622,2.1422,2.0927,2.0126,1.9268,1.7875,1.5882,1.3330,1.2791,1.2738,0.8484,0.7578,0.8130,1.1653,1.6671,2.0361,2.1108,0.7329,0.6094,0.7628,1.1431,1.6779,2.0787,1.8979,1.8416,2.0729,1.9272,1.8692,1.8923,1.9231,1.9639,2.0114,2.0611,2.1091,2.1244,2.1427,2.2193,2.2910,2.2333,2.1711,2.1625,2.1059,2.0582,1.5700,1.6000,1.6546,1.7027,1.8170,1.8440,2.0141,2.1667,2.1069,1.9923,1.9638,2.0115,0.9392,0.8885,0.9267,1.4368,1.9042,1.9470,2.0105,2.0029,1.9400,1.8767,1.8144,1.7653,1.7515,2.0125,1.8469,1.8067,1.7757,1.7607,1.7538,2.1875,2.1160
0.8463,0.8443,0.7802,0.4023,0.7283,1.1338,1.3591,1.6344,1.5788,1.3131,1.2166,1.1761,1.0959,0.9457,0.7192,0.5372,1.1517,1.0426,1.0224,1.0553,1.2042,1.3103,1.2278,1.2777,1.3241,1.3531,1.3805,1.2253,1.2054,0.7291,0.0000,0.3924,0.8343,1.0719,1.1994,1.3321,1.4735,1.3875,1.3180,1.3603,1.4039,1.4360,1.4454,1.4352,1.4115,1.4014,1.3378,1.3614,0.3855,0.8158,1.1597,1.1751,1.0877,1.1108,1.1387,1.1635,1.1740,1.1837,1.2156,1.2696,1.3473,1.4068,1.4347,1.4413,1.4278,1.3989,1.3084,1.2651,1.2101,0.8304,0.3601,0.3196,0.3874,0.5370,0.9552,1.1483,1.0468,1.0803,1.1513,1.2499,1.3623,1.3798,1.4129,1.2746,1.2686,1.3440,1.1887,1.1679,1.0138,0.6227,0.3333,0.9326,1.5725,1.7826,1.7118,1.6063,1.5575,1.5763,1.5259,1.4338,1.3205,1.2127,1.0645,0.8623,0.6086,0.5968,0.6769,0.5614,0.3222,0.1398,0.4372,0.9746,1.3893,1.4496,1.0974,0.7960,0.3594,0.4213,1.0048,1.4579,1.2047,1.1323,1.4384,1.2459,1.1600,1.1811,1.2093,1.2480,1.2957,1.3477,1.3997,1.4195,1.4426,1.5250,1.6037,1.5430,1.4784,1.4671,1.4135,1.3784,0.8543,0.8719,0.9371,0.9817,1.1223,1.1872,1.3554,1.5097,1.4074,1.2712,1.2417,1.3241,0.6318,0.4025,0.2501,0.7351,1.1927,1.2255,1.2931,1.2853,1.2181,1.1511,1.0877,1.0413,1.0308,1.3597,1.1443,1.0944,1.0590,1.0424,1.0343,1.5023,1.4607
1.2199,1.2109,1.0912,0.4839,0.4310,0.8037,1.0176,1.3082,1.2379,0.9460,0.8482,0.8293,0.7778,0.6740,0.4033,0.1737,0.7866,0.6534,0.6609,0.7061,0.8190,0.9286,0.8439,0.8995,0.9471,0.9737,0.9982,0.8342,0.8669,1.1175,0.3924,0.0000,0.4460,0.6832,0.8109,0.9543,1.1068,1.0140,0.9356,0.9785,1.0213,1.0520,1.0604,1.0500,1.0272,1.0149,0.9744,1.0411,0.4984,0.5742,0.8680,0.8357,0.7007,0.7224,0.7504,0.7751,0.7847,0.7929,0.8245,0.8831,0.9695,1.0375,1.0707,1.0781,1.0613,1.0260,0.9262,0.8759,0.8375,0.4823,0.2757,0.6437,0.7720,0.8946,0.5722,0.8049,0.6566,0.6907,0.7686,0.8785,1.0044,1.0524,1.1239,0.8852,0.9095,1.0304,1.5242,1.5028,1.3470,0.9295,0.3728,0.5608,1.2421,1.4671,1.4077,1.3023,1.2570,1.2769,1.2034,1.0790,0.9422,0.8226,0.6760,0.4831,0.2640,0.3864,0.5813,0.7767,0.5741,0.3592,0.0967,0.6037,1.0456,1.0928,1.4288,1.1216,0.5980,0.1450,0.6534,1.1337,0.8294,0.7463,1.1043,0.8790,0.7728,0.7922,0.8190,0.8583,0.9094,0.9668,1.0260,1.0538,1.0834,1.1640,1.2425,1.1853,1.1255,1.1101,1.0699,1.0607,0.5199,0.4893,0.5505,0.5933,0.7483,0.8429,1.0038,1.1545,1.0236,0.8857,0.8541,0.9499,0.8092,0.5599,0.3128,0.3663,0.8039,0.8498,0.9234,0.9156,0.8425,0.7684,0.6997,0.6522,0.6435,1.0137,0.7635,0.7083,0.6718,0.6554,0.6474,1.1614,1.1710
